10
58.37848473884459 65.36933024522857 58.11440394295795 65.78852338651818
436.07634069525307 69.6708251388954 436.3867305623347 70.12702239960088
314.69411980984916 540.8867390303636 314.907044371025 540.4268919817172
294.4804352204012 332.352249948533 294.49960601017835 332.73298853185725
453.5026531451434 100.24061233272916 453.4881565563434 100.66261119278995
806.6793504558897 371.1282675841503 806.9105897096138 370.66449470769606
757.112077340062 443.78296356421953 757.3849570102791 444.23459847385897
683.891055486575 457.6673525029121 683.588305035919 457.3700628857108
416.5833811406556 693.286946290337 416.8931502073568 693.5693570405743
825.4832768963852 311.5578015814045 825.5074560333336 311.9836527802422
620.5822471675968 680.2332491196516 620.8789636232228 680.7022457167718
435.4963141678467 512.4726240543421 435.49785148781007 512.9090860834289
804.52290825628 360.0517421645086 804.4944519357533 360.4886070322277
559.4145068842979 69.7264058696993 559.0987215271298 69.3189966585331
683.8802248632218 59.27673816575894 683.6098590044626 59.003368740854796
442.4237249684511 530.4591980101956 442.118539214039 530.0252199954655
427.4091458574365 139.02419534269913 427.0781469646633 139.33619710228942
869.6055864790953 140.76094639902897 869.8935834292349 141.08132372385288
178.9927510296944 236.63887247003726 179.0073808403169 237.04630071968657
886.0938818754263 204.77205121863176 886.4220946885241 204.46116263788647
147.49421964539818 124.90416242557941 147.51794970904558 125.33140564087128
457.4147135071711 15.111071171649877 457.07942791092523 14.845453141282793
362.88390546193403 253.29745818107753 362.6239728941812 252.96165674654776
594.5066151147172 678.760094145918 594.5075977629028 679.1504051064494
886.9987110549715 194.67781453780907 887.0134495066133 195.04414795709033
688.0880253656002 526.961026091035 688.4072009239601 527.3783515704334
716.9070357584148 1.3510379176207354 716.5754357258202 1.615153937644267
535.0972349670648 776.3350161584431 535.4132002665812 776.8163708806823
408.492520722489 706.4859546822829 408.5168566172102 706.8902493449323
694.3997482736262 121.71570286962651 694.0784388682335 121.26414794142592
813.4938367152716 244.03476528397317 813.4874643237405 244.3996791178077
362.912993159791 559.0713823104219 362.6001442342957 559.3615012106652
612.4849666032108 448.41437000751125 612.4913347163913 448.81639910855085
302.0217292849233 57.82389173050514 302.00786808020825 58.20221804392864
665.8813425030668 145.90918023218512 665.6134488918701 145.57899956240445
631.1052528290875 177.05346742321987 631.4242241018817 177.52787106311226
434.59623133563315 17.79698542212687 434.90303934873737 18.078564652557425
791.0106399269532 395.5643423928243 790.9980309655074 395.9741816872438
841.0997518829438 0.39321546567332905 841.3831045451249 0.11472532173838441
562.1235319427177 0.4010043439472051 562.3887923044298 0.1071423601209148
664.0795878367552 443.7815250307756 664.390827467629 444.25236604667214
359.90822043342405 589.2837398407828 359.6202579246602 589.771189425397
682.3889773702583 2.1745496531022224 682.0934976013504 1.758198472744758
292.38357134674567 45.48935791193556 292.1226752711857 45.055527188639346
513.5189591233493 874.4655987097287 513.4822614399492 874.8729036104494
94.07732610072877 0.39928800231590994 94.39947805911861 0.10349372751607816
272.58959248824976 26.42841097512275 272.91385060569934 26.750253618954268
593.9128774509215 501.9021361589764 593.5959469106717 502.2114648855208
938.6893077632345 2.215059778963383 938.8820015449955 1.7312408964591728
289.39424238518967 385.76720211107704 289.09884796325156 386.23493840532535
433.2144469496885 77.55019002515593 433.3931351810537 77.08433075184567
731.0038009033162 444.492049181195 730.9763992363739 444.84604706882396
121.9881023462618 210.26082751330617 121.99896424420349 210.63987450829234
322.08575293291386 306.9789497058699 322.3939767428398 306.652570464415
526.4006277949925 2.2102514769493493 526.084901257145 2.504733200644038
851.8761364100401 6.539046234899088 851.5897548821376 6.0589760494174785
162.52467279309099 114.13483324552065 162.50171917744964 114.5197684740317
465.4877748099983 741.1246056629402 465.51563671662205 741.5411353190254
365.9176652487233 140.7205041066178 365.58704317521125 141.1312748154925
702.5184652012031 528.4940610706053 702.4771838122061 528.8766727733441
568.9906432847318 672.6798846454747 568.9975060369214 673.08644792099
390.511017780694 -0.22241149616037825 390.5242731045988 0.20414935771276121
65.91691521717651 58.48855764589051 65.58526762338025 58.80111070664351
314.8900104775015 320.84358902170004 314.5945166337846 320.5255751913741
576.4788210577694 540.5928517776617 576.518973221022 541.0130371358382
596.8780795649402 554.6357018775083 596.609362321758 554.3359317590308
602.8988960973984 450.7467924230727 602.587905305172 450.41832454103076
902.622637467639 119.04357623752792 902.918689473238 119.51145607408533
182.9199212378806 55.80624286672771 182.62427329824104 55.54457260434805
507.4956565772843 864.1028870101956 507.48171732408906 864.5054906231865